-19942 -39989  2  4
 30232  40297 -3 -4
-39990  -9882  4  1
-50052  40304  5 -4
-19947 -19921  2  2
 30281 -50026 -3  5
 -9900  50338  1 -5
 -9908  -9884  1  1
-19912 -39987  2  4
 40288  -9883 -4  1
 50352  20223 -5 -2
-19923  40296  2 -4
-29936  40299  3 -4
 40282 -50024 -4  5
 20204 -29954 -2  3
-19928 -19919  2  2
 40307  40299 -4 -4
 -9892  10188  1 -1
 20219 -29953 -2  3
-29992 -50024  3  5
 50350  30263 -5 -3
 10181  50335 -1 -5
-29984  40301  3 -4
 50305  20223 -5 -2
-19912  -9877  2  1
 10190  40298 -1 -4
-19912  40297  2 -4
 10197 -19917 -1  2
 40293 -29949 -4  3
 40258 -19912 -4  2
 30249  50333 -3 -5
-39981 -19917  4  2
 20240  -9878 -2  1
-29972 -29957  3  3
 40304  30259 -4 -3
-29992 -39993  3  4
-40024  40303  4 -4
 30276  50337 -3 -5
 50348 -19920 -5  2
 30248  40298 -3 -4
-29975  10187  3 -1
-29979  10193  3 -1
-19936 -39984  2  4
-19920 -39991  2  4
-29964 -39993  3  4
 50348  20231 -5 -2
-19909  40295  2 -4
 40282  40300 -4 -4
 10198  40299 -1 -4
 10176  30268 -1 -3
-29946  30263  3 -3
-19931 -39992  2  4
-19899  20224  2 -2
 20208 -29957 -2  3
-50018  20227  5 -2
-50036 -29953  5  3
 50332  30266 -5 -3
-19912  50339  2 -5
 10189  10191 -1 -1
 10180 -39989 -1  4
-19956  10188  2 -1
 -9890 -50025  1  5
 40293 -29957 -4  3
 50329  50337 -5 -5
 10177  40295 -1 -4
 50319  20223 -5 -2
 -9880  20231  1 -2
-40000  50332  4 -5
-29971 -50020  3  5
-19904  20227  2 -2
 40293  20232 -4 -2
 50332  20224 -5 -2
 -9887 -19916  1  2
-39980 -19921  4  2
 -9920 -50021  1  5
-19920 -39991  2  4
 10180 -19921 -1  2
 20188 -50026 -2  5
-50020 -39986  5  4
-50035  30263  5 -3
 -9911 -39993  1  4
-39988 -39985  4  4
-50040  30262  5 -3
-50036  50339  5 -5
 30224  10194 -3 -1
-19934 -50020  2  5
-40003  -9876  4  1
-50036  20232  5 -2
 10183 -50025 -1  5
-29956 -39986  3  4
 -9892  10194  1 -1
-39995  40304  4 -4
-39995  -9883  4  1
-19919  50336  2 -5
 -9903  30260  1 -3
 10174 -29948 -1  3
-19903 -19917  2  2
 20188 -50021 -2  5
 50321 -29956 -5  3
 20209 -19912 -2  2
 20216  50333 -2 -5
 40304 -39990 -4  4
-39975 -39989  4  4
-39979 -19921  4  2
 50353  -9884 -5  1
 40317  10189 -4 -1
-40020  20230  4 -2
-39976  10192  4 -1
-29940  50333  3 -5
 30249  20223 -3 -2
-39976  10190  4 -1
-40030  40304  4 -4
-39990  20229  4 -2
 20201  10194 -2 -1
 -9868 -39986  1  4
 30232  50335 -3 -5
-50048  10189  5 -1
 -9920 -29954  1  3
-40011  10195  4 -1
-29951 -19921  3  2
-50043  40304  5 -4
-29964 -50023  3  5
-29970  50336  3 -5
-29964  20226  3 -2
 10167  30263 -1 -3
 10173  20229 -1 -2
-29991 -29957  3  3
-50043  40295  5 -4
-19902  40295  2 -4
 30236  30259 -3 -3
 20204 -50027 -2  5
 -9912  20231  1 -2
 -9887  10194  1 -1
-40008  10187  4 -1
-39987 -50029  4  5
 20240  40297 -2 -4
 30236 -39985 -3  4
-50012 -39986  5  4
-19912  30260  2 -3
-50044  50339  5 -5
-50057 -39993  5  4
-19941 -29952  2  3
-29937  40299  3 -4
 20224  30265 -2 -3
 40277  50339 -4 -5
-19960  10194  2 -1
-19959  10196  2 -1
 20187  20232 -2 -2
 20212  30262 -2 -3
-29952  40296  3 -4
 30224 -50023 -3  5
-50049  20228  5 -2
 30224 -29955 -3  3
-19920 -50023  2  5
 -9915  40304  1 -4
-40020  20231  4 -2
-50028  40304  5 -4
-29988  50338  3 -5
 50312  40297 -5 -4
 20195  30259 -2 -3
 10188  10190 -1 -1
 10209  50334 -1 -5
 -9904 -29951  1  3
 30260  40304 -3 -4
 50296  50334 -5 -5
 10180 -19920 -1  2
 10175  -9881 -1  1
 40280 -39985 -4  4
-40000 -19914  4  2
 -9873  -9885  1  1
 20187  40304 -2 -4
 20216  50336 -2 -5
 50296 -50029 -5  5
-19920  30267  2 -3
-39995  50332  4 -5
-29940 -19920  3  2
-19901  30263  2 -3
 20227  40297 -2 -4
 40309  40295 -4 -4
 50335  40302 -5 -4
 30281  10190 -3 -1
 20211 -29948 -2  3
 20224  -9884 -2  1
 10209  50333 -1 -5
 -9913  50340  1 -5
 50308  50331 -5 -5
-29953  -9883  3  1
 40292  20227 -4 -2
 20187 -19912 -2  2
-29948  40299  3 -4
 30279  10191 -3 -1
-19956  50336  2 -5
 50335  -9883 -5  1
 40264  40303 -4 -4
 10196  20225 -1 -2
 -9868  20224  1 -2
-19948  10194  2 -1
-50020 -19913  5  2
 40304  -9885 -4  1
 30260  -9885 -3  1
-39992  -9880  4  1
-40015 -29955  4  3
-40022  20232  4 -2
 20221 -29957 -2  3
-39971  20225  4 -2
 40280 -29949 -4  3
-40008  20230  4 -2
-50020  30264  5 -3
-29961  20227  3 -2
 20233  -9885 -2  1
-40024  50339  4 -5
 -9915 -50020  1  5
-29992  50337  3 -5
 40259  30259 -4 -3
 40260 -19919 -4  2
-40014 -50025  4  5
 50340 -50027 -5  5
 30246  50331 -3 -5
-50020 -19912  5  2
-40000  10195  4 -1
-50060 -19914  5  2
-39999  40299  4 -4
 40304  40304 -4 -4
-19956 -39989  2  4
-40020 -19920  4  2
 -9872  10191  1 -1
-40006  50331  4 -5
-50048  40298  5 -4
 10184  50335 -1 -5
 10206  -9881 -1  1
 10160  -9880 -1  1
-50047  -9885  5  1
 10169  50340 -1 -5
-39980  10191  4 -1
 20225 -29952 -2  3
 40296 -29955 -4  3
-50020  20230  5 -2
-19948  10190  2 -1
 40260 -39986 -4  4
 30232 -39992 -3  4
-29967  10196  3 -1
-19912  10192  2 -1
-40003 -39993  4  4
 50332  50334 -5 -5
 10165  50333 -1 -5
 20201 -29955 -2  3
 10185  -9882 -1  1
 20221 -50029 -2  5
-19902  10187  2 -1
 30240  50338 -3 -5
-39976  20225  4 -2
-50065 -50029  5  5
 40260  10187 -4 -1
-19955  -9885  2  1
 30224  30267 -3 -3
-50028  20228  5 -2
-29937  30259  3 -3
-39995  10196  4 -1
-50023 -50029  5  5
-29978 -50024  3  5
 30239 -50025 -3  5
-19956 -39986  2  4
 -9904 -29954  1  3
 10204 -39993 -1  4
-29959  50335  3 -5
 10166  40299 -1 -4
-29959 -39987  3  4
-50068  30266  5 -3
 20225  10192 -2 -1
-40024 -29950  4  3
-19918  40301  2 -4
-39992  50339  4 -5
 -9908 -39993  1  4
 30248 -50029 -3  5
 40280 -39986 -4  4
-19956 -19920  2  2
 40301 -50020 -4  5
 20200  -9877 -2  1
 40275  20227 -4 -2
-29959 -29956  3  3
-50056 -39991  5  4
 50292  50338 -5 -5
 -9880  40303  1 -4
 50295 -19921 -5  2
 10205 -19921 -1  2
-40015 -29954  4  3
-50056  30259  5 -3
 10192 -19920 -1  2
 40306 -39993 -4  4
 40273 -39990 -4  4
 50336 -39992 -5  4
 40307  10191 -4 -1
 20195  50331 -2 -5
 -9876  40296  1 -4
 -9896 -29957  1  3
 20224 -19917 -2  2
 40292  20227 -4 -2
-19923 -39986  2  4
 20233 -50025 -2  5
 40277 -50028 -4  5
-19920  30263  2 -3
 30270 -39993 -3  4
 50348  50340 -5 -5
 40285 -39992 -4  4
-40003 -50020  4  5
-19960 -39985  2  4
-50027 -50025  5  5
 50332  40301 -5 -4
